Paths from 0 to 0:
0 
Paths from 0 to 1:
0 1 
0 3 4 1 
0 3 4 5 2 1 
0 3 6 7 4 1 
0 3 4 7 8 5 2 1 
0 3 6 7 4 5 2 1 
0 3 6 7 8 5 2 1 
0 3 6 7 8 5 4 1 
Paths from 0 to 2:
0 1 2 
0 1 4 5 2 
0 3 4 1 2 
0 3 4 5 2 
0 1 4 7 8 5 2 
0 3 4 7 8 5 2 
0 3 6 7 4 1 2 
0 3 6 7 4 5 2 
0 3 6 7 8 5 2 
0 1 4 3 6 7 8 5 2 
0 3 6 7 8 5 4 1 2 
Paths from 0 to 3:
0 3 
0 1 4 3 
0 1 2 5 4 3 
0 1 4 7 6 3 
0 1 2 5 4 7 6 3 
0 1 2 5 8 7 4 3 
0 1 2 5 8 7 6 3 
0 1 4 5 8 7 6 3 
Paths from 0 to 4:
0 1 4 
0 3 4 
0 1 2 5 4 
0 3 6 7 4 
0 1 2 5 8 7 4 
0 3 6 7 8 5 4 
0 1 2 5 8 7 6 3 4 
0 3 6 7 8 5 2 1 4 
Paths from 0 to 5:
0 1 2 5 
0 1 4 5 
0 3 4 5 
0 1 4 7 8 5 
0 3 4 1 2 5 
0 3 4 7 8 5 
0 3 6 7 4 5 
0 3 6 7 8 5 
0 1 4 3 6 7 8 5 
0 3 6 7 4 1 2 5 
Paths from 0 to 6:
0 3 6 
0 1 4 3 6 
0 1 4 7 6 
0 3 4 7 6 
0 1 2 5 4 3 6 
0 1 2 5 4 7 6 
0 1 2 5 8 7 6 
0 1 4 5 8 7 6 
0 3 4 5 8 7 6 
0 1 2 5 8 7 4 3 6 
0 3 4 1 2 5 8 7 6 
Paths from 0 to 7:
0 1 4 7 
0 3 4 7 
0 3 6 7 
0 1 2 5 4 7 
0 1 2 5 8 7 
0 1 4 3 6 7 
0 1 4 5 8 7 
0 3 4 5 8 7 
0 1 2 5 4 3 6 7 
0 3 4 1 2 5 8 7 
Paths from 0 to 8:
0 1 2 5 8 
0 1 4 5 8 
0 1 4 7 8 
0 3 4 5 8 
0 3 4 7 8 
0 3 6 7 8 
0 1 2 5 4 7 8 
0 1 4 3 6 7 8 
0 3 4 1 2 5 8 
0 3 6 7 4 5 8 
0 1 2 5 4 3 6 7 8 
0 3 6 7 4 1 2 5 8 
Paths from 1 to 0:
1 0 
1 4 3 0 
1 2 5 4 3 0 
1 4 7 6 3 0 
1 2 5 4 7 6 3 0 
1 2 5 8 7 4 3 0 
1 2 5 8 7 6 3 0 
1 4 5 8 7 6 3 0 
Paths from 1 to 1:
1 
Paths from 1 to 2:
1 2 
1 4 5 2 
1 0 3 4 5 2 
1 4 7 8 5 2 
1 0 3 4 7 8 5 2 
1 0 3 6 7 4 5 2 
1 0 3 6 7 8 5 2 
1 4 3 6 7 8 5 2 
Paths from 1 to 3:
1 0 3 
1 4 3 
1 2 5 4 3 
1 4 7 6 3 
1 2 5 4 7 6 3 
1 2 5 8 7 4 3 
1 2 5 8 7 6 3 
1 4 5 8 7 6 3 
Paths from 1 to 4:
1 4 
1 0 3 4 
1 2 5 4 
1 0 3 6 7 4 
1 2 5 8 7 4 
1 0 3 6 7 8 5 4 
1 2 5 8 7 6 3 4 
Paths from 1 to 5:
1 2 5 
1 4 5 
1 0 3 4 5 
1 4 7 8 5 
1 0 3 4 7 8 5 
1 0 3 6 7 4 5 
1 0 3 6 7 8 5 
1 4 3 6 7 8 5 
Paths from 1 to 6:
1 0 3 6 
1 4 3 6 
1 4 7 6 
1 0 3 4 7 6 
1 2 5 4 3 6 
1 2 5 4 7 6 
1 2 5 8 7 6 
1 4 5 8 7 6 
1 0 3 4 5 8 7 6 
1 2 5 8 7 4 3 6 
Paths from 1 to 7:
1 4 7 
1 0 3 4 7 
1 0 3 6 7 
1 2 5 4 7 
1 2 5 8 7 
1 4 3 6 7 
1 4 5 8 7 
1 0 3 4 5 8 7 
1 2 5 4 3 6 7 
Paths from 1 to 8:
1 2 5 8 
1 4 5 8 
1 4 7 8 
1 0 3 4 5 8 
1 0 3 4 7 8 
1 0 3 6 7 8 
1 2 5 4 7 8 
1 4 3 6 7 8 
1 0 3 6 7 4 5 8 
1 2 5 4 3 6 7 8 
Paths from 2 to 0:
2 1 0 
2 1 4 3 0 
2 5 4 1 0 
2 5 4 3 0 
2 1 4 7 6 3 0 
2 5 4 7 6 3 0 
2 5 8 7 4 1 0 
2 5 8 7 4 3 0 
2 5 8 7 6 3 0 
2 1 4 5 8 7 6 3 0 
2 5 8 7 6 3 4 1 0 
Paths from 2 to 1:
2 1 
2 5 4 1 
2 5 4 3 0 1 
2 5 8 7 4 1 
2 5 4 7 6 3 0 1 
2 5 8 7 4 3 0 1 
2 5 8 7 6 3 0 1 
2 5 8 7 6 3 4 1 
Paths from 2 to 2:
2 
Paths from 2 to 3:
2 1 0 3 
2 1 4 3 
2 5 4 3 
2 1 4 7 6 3 
2 5 4 1 0 3 
2 5 4 7 6 3 
2 5 8 7 4 3 
2 5 8 7 6 3 
2 1 4 5 8 7 6 3 
2 5 8 7 4 1 0 3 
Paths from 2 to 4:
2 1 4 
2 5 4 
2 1 0 3 4 
2 5 8 7 4 
2 1 0 3 6 7 4 
2 5 8 7 6 3 4 
2 1 0 3 6 7 8 5 4 
2 5 8 7 6 3 0 1 4 
Paths from 2 to 5:
2 5 
2 1 4 5 
2 1 0 3 4 5 
2 1 4 7 8 5 
2 1 0 3 4 7 8 5 
2 1 0 3 6 7 4 5 
2 1 0 3 6 7 8 5 
2 1 4 3 6 7 8 5 
Paths from 2 to 6:
2 1 0 3 6 
2 1 4 3 6 
2 1 4 7 6 
2 5 4 3 6 
2 5 4 7 6 
2 5 8 7 6 
2 1 0 3 4 7 6 
2 1 4 5 8 7 6 
2 5 4 1 0 3 6 
2 5 8 7 4 3 6 
2 1 0 3 4 5 8 7 6 
2 5 8 7 4 1 0 3 6 
Paths from 2 to 7:
2 1 4 7 
2 5 4 7 
2 5 8 7 
2 1 0 3 4 7 
2 1 0 3 6 7 
2 1 4 3 6 7 
2 1 4 5 8 7 
2 5 4 3 6 7 
2 1 0 3 4 5 8 7 
2 5 4 1 0 3 6 7 
Paths from 2 to 8:
2 5 8 
2 1 4 5 8 
2 1 4 7 8 
2 5 4 7 8 
2 1 0 3 4 5 8 
2 1 0 3 4 7 8 
2 1 0 3 6 7 8 
2 1 4 3 6 7 8 
2 5 4 3 6 7 8 
2 1 0 3 6 7 4 5 8 
2 5 4 1 0 3 6 7 8 
Paths from 3 to 0:
3 0 
3 4 1 0 
3 4 5 2 1 0 
3 6 7 4 1 0 
3 4 7 8 5 2 1 0 
3 6 7 4 5 2 1 0 
3 6 7 8 5 2 1 0 
3 6 7 8 5 4 1 0 
Paths from 3 to 1:
3 0 1 
3 4 1 
3 4 5 2 1 
3 6 7 4 1 
3 4 7 8 5 2 1 
3 6 7 4 5 2 1 
3 6 7 8 5 2 1 
3 6 7 8 5 4 1 
Paths from 3 to 2:
3 0 1 2 
3 4 1 2 
3 4 5 2 
3 0 1 4 5 2 
3 4 7 8 5 2 
3 6 7 4 1 2 
3 6 7 4 5 2 
3 6 7 8 5 2 
3 0 1 4 7 8 5 2 
3 6 7 8 5 4 1 2 
Paths from 3 to 3:
3 
Paths from 3 to 4:
3 4 
3 0 1 4 
3 6 7 4 
3 0 1 2 5 4 
3 6 7 8 5 4 
3 0 1 2 5 8 7 4 
3 6 7 8 5 2 1 4 
Paths from 3 to 5:
3 4 5 
3 0 1 2 5 
3 0 1 4 5 
3 4 1 2 5 
3 4 7 8 5 
3 6 7 4 5 
3 6 7 8 5 
3 0 1 4 7 8 5 
3 6 7 4 1 2 5 
Paths from 3 to 6:
3 6 
3 4 7 6 
3 0 1 4 7 6 
3 4 5 8 7 6 
3 0 1 2 5 4 7 6 
3 0 1 2 5 8 7 6 
3 0 1 4 5 8 7 6 
3 4 1 2 5 8 7 6 
Paths from 3 to 7:
3 4 7 
3 6 7 
3 0 1 4 7 
3 4 5 8 7 
3 0 1 2 5 4 7 
3 0 1 2 5 8 7 
3 0 1 4 5 8 7 
3 4 1 2 5 8 7 
Paths from 3 to 8:
3 4 5 8 
3 4 7 8 
3 6 7 8 
3 0 1 2 5 8 
3 0 1 4 5 8 
3 0 1 4 7 8 
3 4 1 2 5 8 
3 6 7 4 5 8 
3 0 1 2 5 4 7 8 
3 6 7 4 1 2 5 8 
Paths from 4 to 0:
4 1 0 
4 3 0 
4 5 2 1 0 
4 7 6 3 0 
4 5 8 7 6 3 0 
4 7 8 5 2 1 0 
4 1 2 5 8 7 6 3 0 
4 3 6 7 8 5 2 1 0 
Paths from 4 to 1:
4 1 
4 3 0 1 
4 5 2 1 
4 7 6 3 0 1 
4 7 8 5 2 1 
4 3 6 7 8 5 2 1 
4 5 8 7 6 3 0 1 
Paths from 4 to 2:
4 1 2 
4 5 2 
4 3 0 1 2 
4 7 8 5 2 
4 3 6 7 8 5 2 
4 7 6 3 0 1 2 
4 1 0 3 6 7 8 5 2 
4 5 8 7 6 3 0 1 2 
Paths from 4 to 3:
4 3 
4 1 0 3 
4 7 6 3 
4 5 2 1 0 3 
4 5 8 7 6 3 
4 1 2 5 8 7 6 3 
4 7 8 5 2 1 0 3 
Paths from 4 to 4:
4 
Paths from 4 to 5:
4 5 
4 1 2 5 
4 7 8 5 
4 3 0 1 2 5 
4 3 6 7 8 5 
4 1 0 3 6 7 8 5 
4 7 6 3 0 1 2 5 
Paths from 4 to 6:
4 3 6 
4 7 6 
4 1 0 3 6 
4 5 8 7 6 
4 1 2 5 8 7 6 
4 5 2 1 0 3 6 
4 3 0 1 2 5 8 7 6 
4 7 8 5 2 1 0 3 6 
Paths from 4 to 7:
4 7 
4 3 6 7 
4 5 8 7 
4 1 0 3 6 7 
4 1 2 5 8 7 
4 3 0 1 2 5 8 7 
4 5 2 1 0 3 6 7 
Paths from 4 to 8:
4 5 8 
4 7 8 
4 1 2 5 8 
4 3 6 7 8 
4 1 0 3 6 7 8 
4 3 0 1 2 5 8 
4 5 2 1 0 3 6 7 8 
4 7 6 3 0 1 2 5 8 
Paths from 5 to 0:
5 2 1 0 
5 4 1 0 
5 4 3 0 
5 2 1 4 3 0 
5 4 7 6 3 0 
5 8 7 4 1 0 
5 8 7 4 3 0 
5 8 7 6 3 0 
5 2 1 4 7 6 3 0 
5 8 7 6 3 4 1 0 
Paths from 5 to 1:
5 2 1 
5 4 1 
5 4 3 0 1 
5 8 7 4 1 
5 4 7 6 3 0 1 
5 8 7 4 3 0 1 
5 8 7 6 3 0 1 
5 8 7 6 3 4 1 
Paths from 5 to 2:
5 2 
5 4 1 2 
5 4 3 0 1 2 
5 8 7 4 1 2 
5 4 7 6 3 0 1 2 
5 8 7 4 3 0 1 2 
5 8 7 6 3 0 1 2 
5 8 7 6 3 4 1 2 
Paths from 5 to 3:
5 4 3 
5 2 1 0 3 
5 2 1 4 3 
5 4 1 0 3 
5 4 7 6 3 
5 8 7 4 3 
5 8 7 6 3 
5 2 1 4 7 6 3 
5 8 7 4 1 0 3 
Paths from 5 to 4:
5 4 
5 2 1 4 
5 8 7 4 
5 2 1 0 3 4 
5 8 7 6 3 4 
5 2 1 0 3 6 7 4 
5 8 7 6 3 0 1 4 
Paths from 5 to 5:
5 
Paths from 5 to 6:
5 4 3 6 
5 4 7 6 
5 8 7 6 
5 2 1 0 3 6 
5 2 1 4 3 6 
5 2 1 4 7 6 
5 4 1 0 3 6 
5 8 7 4 3 6 
5 2 1 0 3 4 7 6 
5 8 7 4 1 0 3 6 
Paths from 5 to 7:
5 4 7 
5 8 7 
5 2 1 4 7 
5 4 3 6 7 
5 2 1 0 3 4 7 
5 2 1 0 3 6 7 
5 2 1 4 3 6 7 
5 4 1 0 3 6 7 
Paths from 5 to 8:
5 8 
5 4 7 8 
5 2 1 4 7 8 
5 4 3 6 7 8 
5 2 1 0 3 4 7 8 
5 2 1 0 3 6 7 8 
5 2 1 4 3 6 7 8 
5 4 1 0 3 6 7 8 
Paths from 6 to 0:
6 3 0 
6 3 4 1 0 
6 7 4 1 0 
6 7 4 3 0 
6 3 4 5 2 1 0 
6 7 4 5 2 1 0 
6 7 8 5 2 1 0 
6 7 8 5 4 1 0 
6 7 8 5 4 3 0 
6 3 4 7 8 5 2 1 0 
6 7 8 5 2 1 4 3 0 
Paths from 6 to 1:
6 3 0 1 
6 3 4 1 
6 7 4 1 
6 3 4 5 2 1 
6 7 4 3 0 1 
6 7 4 5 2 1 
6 7 8 5 2 1 
6 7 8 5 4 1 
6 3 4 7 8 5 2 1 
6 7 8 5 4 3 0 1 
Paths from 6 to 2:
6 3 0 1 2 
6 3 4 1 2 
6 3 4 5 2 
6 7 4 1 2 
6 7 4 5 2 
6 7 8 5 2 
6 3 0 1 4 5 2 
6 3 4 7 8 5 2 
6 7 4 3 0 1 2 
6 7 8 5 4 1 2 
6 3 0 1 4 7 8 5 2 
6 7 8 5 4 3 0 1 2 
Paths from 6 to 3:
6 3 
6 7 4 3 
6 7 4 1 0 3 
6 7 8 5 4 3 
6 7 4 5 2 1 0 3 
6 7 8 5 2 1 0 3 
6 7 8 5 2 1 4 3 
6 7 8 5 4 1 0 3 
Paths from 6 to 4:
6 3 4 
6 7 4 
6 3 0 1 4 
6 7 8 5 4 
6 3 0 1 2 5 4 
6 7 8 5 2 1 4 
6 3 0 1 2 5 8 7 4 
6 7 8 5 2 1 0 3 4 
Paths from 6 to 5:
6 3 4 5 
6 7 4 5 
6 7 8 5 
6 3 0 1 2 5 
6 3 0 1 4 5 
6 3 4 1 2 5 
6 3 4 7 8 5 
6 7 4 1 2 5 
6 3 0 1 4 7 8 5 
6 7 4 3 0 1 2 5 
Paths from 6 to 6:
6 
Paths from 6 to 7:
6 7 
6 3 4 7 
6 3 0 1 4 7 
6 3 4 5 8 7 
6 3 0 1 2 5 4 7 
6 3 0 1 2 5 8 7 
6 3 0 1 4 5 8 7 
6 3 4 1 2 5 8 7 
Paths from 6 to 8:
6 7 8 
6 3 4 5 8 
6 3 4 7 8 
6 7 4 5 8 
6 3 0 1 2 5 8 
6 3 0 1 4 5 8 
6 3 0 1 4 7 8 
6 3 4 1 2 5 8 
6 7 4 1 2 5 8 
6 3 0 1 2 5 4 7 8 
6 7 4 3 0 1 2 5 8 
Paths from 7 to 0:
7 4 1 0 
7 4 3 0 
7 6 3 0 
7 4 5 2 1 0 
7 6 3 4 1 0 
7 8 5 2 1 0 
7 8 5 4 1 0 
7 8 5 4 3 0 
7 6 3 4 5 2 1 0 
7 8 5 2 1 4 3 0 
Paths from 7 to 1:
7 4 1 
7 4 3 0 1 
7 4 5 2 1 
7 6 3 0 1 
7 6 3 4 1 
7 8 5 2 1 
7 8 5 4 1 
7 6 3 4 5 2 1 
7 8 5 4 3 0 1 
Paths from 7 to 2:
7 4 1 2 
7 4 5 2 
7 8 5 2 
7 4 3 0 1 2 
7 6 3 0 1 2 
7 6 3 4 1 2 
7 6 3 4 5 2 
7 8 5 4 1 2 
7 6 3 0 1 4 5 2 
7 8 5 4 3 0 1 2 
Paths from 7 to 3:
7 4 3 
7 6 3 
7 4 1 0 3 
7 8 5 4 3 
7 4 5 2 1 0 3 
7 8 5 2 1 0 3 
7 8 5 2 1 4 3 
7 8 5 4 1 0 3 
Paths from 7 to 4:
7 4 
7 6 3 4 
7 8 5 4 
7 6 3 0 1 4 
7 8 5 2 1 4 
7 6 3 0 1 2 5 4 
7 8 5 2 1 0 3 4 
Paths from 7 to 5:
7 4 5 
7 8 5 
7 4 1 2 5 
7 6 3 4 5 
7 4 3 0 1 2 5 
7 6 3 0 1 2 5 
7 6 3 0 1 4 5 
7 6 3 4 1 2 5 
Paths from 7 to 6:
7 6 
7 4 3 6 
7 4 1 0 3 6 
7 8 5 4 3 6 
7 4 5 2 1 0 3 6 
7 8 5 2 1 0 3 6 
7 8 5 2 1 4 3 6 
7 8 5 4 1 0 3 6 
Paths from 7 to 7:
7 
Paths from 7 to 8:
7 8 
7 4 5 8 
7 4 1 2 5 8 
7 6 3 4 5 8 
7 4 3 0 1 2 5 8 
7 6 3 0 1 2 5 8 
7 6 3 0 1 4 5 8 
7 6 3 4 1 2 5 8 
Paths from 8 to 0:
8 5 2 1 0 
8 5 4 1 0 
8 5 4 3 0 
8 7 4 1 0 
8 7 4 3 0 
8 7 6 3 0 
8 5 2 1 4 3 0 
8 5 4 7 6 3 0 
8 7 4 5 2 1 0 
8 7 6 3 4 1 0 
8 5 2 1 4 7 6 3 0 
8 7 6 3 4 5 2 1 0 
Paths from 8 to 1:
8 5 2 1 
8 5 4 1 
8 7 4 1 
8 5 4 3 0 1 
8 7 4 3 0 1 
8 7 4 5 2 1 
8 7 6 3 0 1 
8 7 6 3 4 1 
8 5 4 7 6 3 0 1 
8 7 6 3 4 5 2 1 
Paths from 8 to 2:
8 5 2 
8 5 4 1 2 
8 7 4 1 2 
8 7 4 5 2 
8 5 4 3 0 1 2 
8 7 4 3 0 1 2 
8 7 6 3 0 1 2 
8 7 6 3 4 1 2 
8 7 6 3 4 5 2 
8 5 4 7 6 3 0 1 2 
8 7 6 3 0 1 4 5 2 
Paths from 8 to 3:
8 5 4 3 
8 7 4 3 
8 7 6 3 
8 5 2 1 0 3 
8 5 2 1 4 3 
8 5 4 1 0 3 
8 5 4 7 6 3 
8 7 4 1 0 3 
8 5 2 1 4 7 6 3 
8 7 4 5 2 1 0 3 
Paths from 8 to 4:
8 5 4 
8 7 4 
8 5 2 1 4 
8 7 6 3 4 
8 5 2 1 0 3 4 
8 7 6 3 0 1 4 
8 5 2 1 0 3 6 7 4 
8 7 6 3 0 1 2 5 4 
Paths from 8 to 5:
8 5 
8 7 4 5 
8 7 4 1 2 5 
8 7 6 3 4 5 
8 7 4 3 0 1 2 5 
8 7 6 3 0 1 2 5 
8 7 6 3 0 1 4 5 
8 7 6 3 4 1 2 5 
Paths from 8 to 6:
8 7 6 
8 5 4 3 6 
8 5 4 7 6 
8 7 4 3 6 
8 5 2 1 0 3 6 
8 5 2 1 4 3 6 
8 5 2 1 4 7 6 
8 5 4 1 0 3 6 
8 7 4 1 0 3 6 
8 5 2 1 0 3 4 7 6 
8 7 4 5 2 1 0 3 6 
Paths from 8 to 7:
8 7 
8 5 4 7 
8 5 2 1 4 7 
8 5 4 3 6 7 
8 5 2 1 0 3 4 7 
8 5 2 1 0 3 6 7 
8 5 2 1 4 3 6 7 
8 5 4 1 0 3 6 7 
Paths from 8 to 8:
8 




Paths from 0 to 0:
0 
Paths from 0 to 1:
0 1 
0 2 3 1 
Paths from 0 to 2:
0 2 
0 1 3 2 
Paths from 0 to 3:
0 1 3 
0 2 3 
Paths from 1 to 0:
1 0 
1 3 2 0 
Paths from 1 to 1:
1 
Paths from 1 to 2:
1 0 2 
1 3 2 
Paths from 1 to 3:
1 3 
1 0 2 3 
Paths from 2 to 0:
2 0 
2 3 1 0 
Paths from 2 to 1:
2 0 1 
2 3 1 
Paths from 2 to 2:
2 
Paths from 2 to 3:
2 3 
2 0 1 3 
Paths from 3 to 0:
3 1 0 
3 2 0 
Paths from 3 to 1:
3 1 
3 2 0 1 
Paths from 3 to 2:
3 2 
3 1 0 2 
Paths from 3 to 3:
3